The Weather Channel
http://www.weather.com
Feb 22 63 78 48 80 55 81 61 81 58 78 43 75 46 72 48 75 45 72
Feb 24 50 80 63 78 51 83 40 73 43 70 47 73 47 73 51 73 49 75
Feb 25 63 78 51 83 45 76 41 73 48 73 51 75 62 76 47 75 46 73
Feb 26 49 86 44 77 44 74 52 75 57 77 54 76 40 71 42 69 50 71
Mar 12 62 77 58 77 59 78 57 80 59 83 58 82 57 80 58 81 52 79
Mar 13 51 75 59 78 61 82 60 82 60 83 58 80 58 81 56 81 56 79
Mar 14 59 78 62 82 63 85 61 84 60 83 59 86 54 81 58 79 59 81
Mar 16 62 85 62 82 62 80 62 81 63 82 58 87 54 84 50 82 53 78
Mar 17 62 83 61 80 61 79 61 85 59 86 58 87 57 83 55 81 57 80
Feb 27 41 77 45 76 51 78 54 77 51 77 43 72 48 71 51 75 52 77
Feb 28 45 76 48 77 55 76 57 77 39 71 46 69 52 76 51 79 38 77
Mar  1 49 77 54 78 58 78 42 73 46 71 55 76 55 79 44 75 41 70
Mar  2 55 79 59 80 41 72 45 69 57 77 55 83 44 76 46 72 46 70
Mar  3 57 80 41 70 47 71 55 78 59 78 43 73 43 70 50 70 53 73
Mar  4 38 67 46 69 59 74 55 82 41 73 44 72 49 73 51 75 53 75
Mar  5 44 71 58 77 55 80 42 73 38 73 50 73 52 74 52 75 51 78
Mar  6 60 78 52 81 43 71 42 74 49 76 54 78 56 77 50 79 52 77
Mar  7 52 83 44 74 46 76 53 77 56 79 57 74 53 79 53 77 52 79
Mar  8 40 76 45 76 54 78 57 75 58 75 54 77 55 77 48 78 50 77
Mar  9 40 74 77 51 58 79 58 75 80 52 54 79 56 77 55 80 49 78
Mar 10 50 77 58 80 55 78 48 77 54 79 55 79 57 81 48 80 51 79
Mar 11 60 81 60 78 58 77 58 77 58 80 57 82 57 82 55 80 58 81
Mar 18 64 81 60 80 61 80 60 87 56 88 57 81 55 80 58 80 58 79
Mar 19 64 81 62 81 61 85 59 88 60 85 59 80 61 83 60 84 58 82
Mar 20 64 83 62 85 60 86 61 88 63 87 62 89 57 87 59 84 52 83
Mar 21 64 87 60 88 64 87 63 90 64 90 55 87 55 86 56 86 54 82
Feb 23 45 81 50 81 63 80 56 82 44 77 43 72 47 74 46 74 47 72
Mar 15 63 80 63 84 62 84 62 82 63 81 58 86 59 83 59 81 59 79
Mar 22 60 88 64 86 64 87 92 62 56 83 58 78 58 82 82 58 50 77
Mar 23 64 85 64 85 62 91 64 85 49 84 50 78 57 78 56 82 55 83
Mar 25 62 92 62 89 65 83 64 84 60 81 55 78 53 84 55 84 55 82
Mar 26 60 81 68 85 61 85 61 80 49 76 59 84 61 88 58 84 59 85
Mar 27 65 85 58 86 60 78 50 74 52 83 63 87 62 88 59 86 59 86
Mar 24 65 85 64 91 64 92 49 83 49 77 59 78 56 82 52 82 53 83